0.008532 0.00752 0 0.010979 0.003 0.001 0.003 0 
0.007997 0.006999 0 0.009997 0.001 0.001 0.003 0 
0.009995 0.008002 0 0.012999 0.002 0.000999 0.006 0 
0.011993 0.012 0 0.011 0.001999 0 0.010001 0 
0.018508 0.01398 0 0.018996 0.004002 0.001 0.020999 0 
0.020989 0.018 0 0.021998 0.004 0.001001 0.027 0 
0.027993 0.03453 0 0.031505 0.006001 0.000999 0.026 0 
0.037995 0.04101 0 0.035014 0.008 0.000999 0.030002 0 
0.050005 0.051003 0 0.042 0.01 0.001 0.055001 0 
0.056329 0.068003 0 0.050998 0.012 0.002 0.035 0 
0.076989 0.087004 0 0.062001 0.013 0.001999 0.078001 0 
0.081559 0.093002 0 0.064998 0.011997 0.002 0.08 0 
0.075988 0.089003 0 0.059008 0.015001 0.001999 0.048999 0 
0.084015 0.090545 0 0.063485 0.018999 0.003 0.084554 0 
0.119996 0.13 0 0.076999 0.029 0.003 0.137 0 
0.176879 0.194515 0 0.106004 0.039001 0.002999 0.170541 0 
0.224504 0.264999 0 0.124001 0.048999 0.003001 0.173 0 
0.202985 0.233108 0 0.110999 0.031001 0.003 0.145999 0 
0.181994 0.201513 0 0.101994 0.024999 0.002001 0.094 0 
0.157512 0.179049 0 0.089998 0.023 0.003 0.14957 0 
0.160995 0.173999 0 0.094005 0.030999 0.003 0.166 0 
0.200997 0.237045 0 0.115004 0.047 0.004 0.173 0 
0.258983 0.296004 0 0.144999 0.052 0.004 0.175 0 
0.302005 0.340995 0 0.155004 0.063001 0.004999 0.231 0 
0.330546 0.378917 0 0.174627 0.067002 0.004999 0.197 0 
0.328532 0.398001 0 0.172032 0.06 0.004999 0.186639 0 
0.306061 0.358532 0 0.162602 0.059201 0.004 0.255001 0 
0.279032 0.342004 0 0.151507 0.051507 0.005 0.225 0 
0.242996 0.301999 0 0.140001 0.046999 0.004 0.154063 0 
0.20999 0.244003 0 0.115 0.033 0.003 0.17802 0 
0.189988 0.195008 0 0.103996 0.025 0.003 0.131095 0 
0.189991 0.207 0 0.107023 0.03 0.004 0.142 0 
0.18351 0.208 0 0.106995 0.026999 0.002528 0.115507 0 
0.187513 0.199 0 0.107997 0.024 0.004 0.136999 0 
0.198006 0.208546 0 0.112497 0.030999 0.004001 0.169999 0 
0.221996 0.250044 0 0.123998 0.038 0.003999 0.19312 0 
0.252 0.279081 0 0.142008 0.042999 0.003999 0.191001 0 
0.270491 0.295533 0 0.149513 0.047 0.004 0.331101 0 
0.300989 0.333 0 0.165998 0.050051 0.005001 0.215008 0 
0.3 0.337027 0 0.16408 0.043992 0.005001 0.237561 0 
0.289927 0.308107 0 0.156028 0.06 0.003999 0.217001 0 
0.264762 0.29048 0 0.145055 0.039001 0.004 0.164 0 
0.227526 0.231995 0 0.122027 0.034 0.003001 0.148527 0 
0.216995 0.221002 0 0.113003 0.032001 0.002999 0.169679 0 
0.227222 0.224609 0 0.115036 0.03201 0.004 0.203001 0 
0.238074 0.215514 0 0.117003 0.036997 0.004001 0.189 0 
0.253993 0.249 0 0.126007 0.035 0.004 0.218 0 
0.265999 0.268021 0 0.135509 0.039512 0.004 0.180999 0 
0.273036 0.273002 0 0.140997 0.04 0.005001 0.220039 0 
0.290524 0.294086 0 0.149002 0.037999 0.004 0.226057 0 
0.310064 0.328494 0 0.161007 0.049999 0.005 0.261844 0 
0.34741 0.399635 0 0.18514 0.078 0.007 0.243038 0 
0.411992 0.487086 0 0.224577 0.104 0.007 0.371426 0 
0.555695 0.691921 0 0.300038 0.179086 0.009002 0.620135 0 
0.683976 0.870001 0 0.361576 0.221531 0.010001 0.586999 0 
0.789974 0.945337 0 0.417009 0.207001 0.010998 0.934693 0 
1.08822 1.2432 0 0.550137 0.263548 0.013 0.81487 0 
1.36394 1.71865 0 0.813998 0.384515 0.028001 1.05822 0 
1.45486 2.01984 0 1.059 0.439159 0.014 1.14681 0 
1.29213 1.56305 0 1.05061 0.577875 0.012 0.736796 0 
0.883493 0.99396 0 0.666059 0.34879 0.004999 0.333912 0 
0.4335 0.492005 0 0.295999 0.137 0.003999 0.192595 0 
0.235486 0.26601 0 0.156992 0.063055 0.003 0.142 0 
0.238082 0.262003 0 0.155004 0.064999 0.004 0.187999 0 
0.259741 0.271115 0 0.158001 0.072102 0.006022 0.187938 0 
0.258062 0.27404 0 0.157005 0.065999 0.004001 0.159888 0 
0.290993 0.313004 0 0.163019 0.068 0.005 0.218001 0 
0.328031 0.336526 0 0.172001 0.073003 0.004997 0.324466 0 
